a <- 100
c <- 1:10
a * c